10121111910999108813141212
10121111910999108813141212
10121111910999108813141212
10121111910999108813141212
10121111910999108813141212
10121111910999108813141212
101011119699988813101212
10121111910999108813141212
10121111910999108813141212
10121111910999108813141212
8121111810998108812141212
812111171099510889141212
10121111910999108813141212
10121111910999108813141212
10121111910999108813141212
10121111910999108813141212
687791099910889101010
10121111910999108813141212
101211791097910861314128
10121111910999108813141212
10121111910999108813141212
10121111910999108813141212
10121111910999108813141212
10121111910999108813141212
10121111910999108813141212
10121111910999108813141212
10121111910999108813141212
812111151099710889141212
10121111910999108813141212
10121111910999108813141212
10121111910999108813141212
10121111910999108813141212
979612913886969687
25597961291388696968
25597961291388696968
979612913886969687
979612913886969687
25597961291388696968
979612913886969687
2551391299796129138968
979612913886969687
